1,0.04560810810810811
2,0.0777027027027027
3,0.08445945945945946
4,0.09121621621621621
5,0.10810810810810811
6,0.09797297297297297
7,0.14527027027027026
8,0.14864864864864866
9,0.1891891891891892
10,0.19087837837837837
11,0.17060810810810811
12,0.20101351351351351
13,0.18412162162162163
14,0.2179054054054054
15,0.19087837837837837
16,0.19594594594594594
17,0.17229729729729729
18,0.22804054054054054
19,0.20777027027027026
20,0.23817567567567569
21,0.2652027027027027
22,0.23310810810810811
23,0.2685810810810811
24,0.2702702702702703
25,0.2516891891891892
26,0.2905405405405405
27,0.30067567567567566
28,0.2905405405405405
29,0.3091216216216216
30,0.33952702702702703
31,0.33783783783783783
32,0.3716216216216216
33,0.34797297297297297
34,0.38175675675675674
35,0.4155405405405405
36,0.39864864864864863
37,0.3952702702702703
38,0.41047297297297297
39,0.4577702702702703
40,0.40371621621621623
41,0.4375
42,0.4847972972972973
43,0.48817567567567566
44,0.47635135135135137
45,0.47128378378378377
46,0.5067567567567568
47,0.49493243243243246
48,0.5135135135135135
49,0.527027027027027
50,0.5506756756756757
51,0.5574324324324325
52,0.5675675675675675
53,0.5540540540540541
54,0.5675675675675675
55,0.5506756756756757
56,0.5472972972972973
57,0.5625
58,0.5743243243243243
59,0.5827702702702703
60,0.6047297297297297
61,0.5996621621621622
62,0.5777027027027027
63,0.5996621621621622
64,0.5168918918918919
65,0.5962837837837838
66,0.6131756756756757
67,0.6385135135135135
68,0.5996621621621622
69,0.6047297297297297
70,0.6300675675675675
71,0.6182432432432432
72,0.6570945945945946
73,0.5726351351351351
74,0.6114864864864865
75,0.6266891891891891
76,0.6402027027027027
77,0.6300675675675675
78,0.6469594594594594
79,0.6402027027027027
80,0.6486486486486487
81,0.597972972972973
82,0.6570945945945946
83,0.625
84,0.6570945945945946
85,0.6368243243243243
86,0.6486486486486487
87,0.6503378378378378
88,0.6283783783783784
89,0.6385135135135135
90,0.668918918918919
91,0.6570945945945946
92,0.6486486486486487
93,0.652027027027027
94,0.6385135135135135
95,0.6503378378378378
96,0.6672297297297297
97,0.6452702702702703
98,0.6469594594594594
99,0.660472972972973
100,0.6452702702702703
101,0.6587837837837838
102,0.6503378378378378
103,0.652027027027027
104,0.6486486486486487
105,0.6368243243243243
106,0.652027027027027
107,0.6351351351351351
108,0.6570945945945946
109,0.6300675675675675
110,0.5658783783783784
111,0.6554054054054054
112,0.6351351351351351
113,0.643581081081081
114,0.6452702702702703
115,0.6368243243243243
116,0.6418918918918919
117,0.6469594594594594
118,0.6283783783783784
119,0.6402027027027027
120,0.6351351351351351
121,0.643581081081081
122,0.6554054054054054
123,0.660472972972973
124,0.643581081081081
125,0.668918918918919
126,0.6858108108108109
127,0.6587837837837838
128,0.6537162162162162
129,0.6317567567567568
130,0.6722972972972973
131,0.6351351351351351
132,0.6486486486486487
133,0.6418918918918919
134,0.6368243243243243
135,0.6351351351351351
136,0.6402027027027027
137,0.6554054054054054
138,0.6452702702702703
139,0.6469594594594594
140,0.6655405405405406
141,0.6537162162162162
142,0.6570945945945946
143,0.6537162162162162
144,0.6554054054054054
145,0.6655405405405406
146,0.6351351351351351
147,0.6638513513513513
148,0.6452702702702703
149,0.6469594594594594
150,0.6418918918918919
151,0.6199324324324325
152,0.6402027027027027
153,0.660472972972973
154,0.6621621621621622
155,0.6469594594594594
156,0.6334459459459459
157,0.6418918918918919
158,0.6722972972972973
159,0.6537162162162162
160,0.6334459459459459
161,0.652027027027027
162,0.6283783783783784
163,0.6554054054054054
164,0.6418918918918919
165,0.6081081081081081
166,0.643581081081081
167,0.6182432432432432
168,0.6199324324324325
169,0.6300675675675675
170,0.643581081081081
171,0.6334459459459459
172,0.6587837837837838
173,0.6385135135135135
174,0.6097972972972973
175,0.6334459459459459
176,0.652027027027027
177,0.6722972972972973
178,0.652027027027027
179,0.6537162162162162
180,0.660472972972973
181,0.6621621621621622
182,0.6587837837837838
183,0.6773648648648649
184,0.6706081081081081
185,0.6385135135135135
186,0.6537162162162162
187,0.6418918918918919
188,0.6300675675675675
189,0.6722972972972973
190,0.6402027027027027
191,0.6385135135135135
192,0.6621621621621622
193,0.6469594594594594
194,0.6638513513513513
195,0.6114864864864865
196,0.6368243243243243
197,0.6402027027027027
198,0.668918918918919
199,0.6655405405405406
200,0.6638513513513513
201,0.6216216216216216
202,0.6199324324324325
203,0.6570945945945946
204,0.6537162162162162
205,0.660472972972973
206,0.6486486486486487
207,0.6706081081081081
208,0.6368243243243243
209,0.6570945945945946
210,0.6570945945945946
211,0.6216216216216216
212,0.6486486486486487
213,0.6418918918918919
214,0.6537162162162162
215,0.668918918918919
216,0.668918918918919
217,0.6570945945945946
218,0.6469594594594594
219,0.6756756756756757
220,0.668918918918919
221,0.6824324324324325
222,0.6452702702702703
223,0.6722972972972973
224,0.581081081081081
225,0.6283783783783784
226,0.6570945945945946
227,0.6554054054054054
228,0.6570945945945946
229,0.6554054054054054
230,0.6554054054054054
231,0.643581081081081
232,0.6858108108108109
233,0.652027027027027
234,0.6418918918918919
235,0.6773648648648649
236,0.6621621621621622
237,0.6452702702702703
238,0.668918918918919
239,0.6739864864864865
240,0.6672297297297297
241,0.6368243243243243
242,0.6672297297297297
243,0.6570945945945946
244,0.6402027027027027
245,0.6739864864864865
246,0.6621621621621622
247,0.6554054054054054
248,0.6756756756756757
249,0.6570945945945946
250,0.6672297297297297
251,0.652027027027027
252,0.6418918918918919
253,0.6672297297297297
254,0.6537162162162162
255,0.6756756756756757
256,0.6672297297297297
257,0.6402027027027027
258,0.6503378378378378
259,0.6756756756756757
260,0.6706081081081081
261,0.6469594594594594
262,0.6537162162162162
263,0.6875
264,0.6587837837837838
265,0.660472972972973
266,0.6587837837837838
267,0.6503378378378378
268,0.6537162162162162
269,0.6216216216216216
270,0.6216216216216216
271,0.6486486486486487
272,0.6638513513513513
273,0.6722972972972973
274,0.6351351351351351
275,0.6486486486486487
276,0.6368243243243243
277,0.6452702702702703
278,0.6537162162162162
279,0.625
280,0.643581081081081
281,0.6334459459459459
282,0.6047297297297297
283,0.5827702702702703
284,0.5962837837837838
285,0.6402027027027027
286,0.6503378378378378
287,0.6587837837837838
288,0.6486486486486487
289,0.6452702702702703
290,0.6537162162162162
291,0.625
292,0.6266891891891891
293,0.6638513513513513
294,0.6537162162162162
295,0.668918918918919
296,0.6486486486486487
297,0.6706081081081081
298,0.6469594594594594
299,0.6503378378378378
300,0.6216216216216216
301,0.6587837837837838
302,0.6486486486486487
303,0.6621621621621622
304,0.6638513513513513
305,0.6317567567567568
306,0.652027027027027
307,0.6199324324324325
308,0.6418918918918919
309,0.6199324324324325
310,0.6722972972972973
311,0.652027027027027
312,0.6503378378378378
313,0.6402027027027027
314,0.6402027027027027
315,0.6402027027027027
316,0.6503378378378378
317,0.6537162162162162
318,0.6385135135135135
319,0.6233108108108109
320,0.6351351351351351
321,0.6233108108108109
322,0.6756756756756757
323,0.6554054054054054
324,0.6402027027027027
325,0.6672297297297297
326,0.6858108108108109
327,0.660472972972973
328,0.6503378378378378
329,0.643581081081081
330,0.6233108108108109
331,0.6351351351351351
332,0.6587837837837838
333,0.6418918918918919
334,0.6334459459459459
335,0.6638513513513513
336,0.6537162162162162
337,0.6503378378378378
338,0.6266891891891891
339,0.6402027027027027
340,0.6537162162162162
341,0.6706081081081081
342,0.6790540540540541
343,0.643581081081081
344,0.6469594594594594
345,0.6587837837837838
346,0.6486486486486487
347,0.6402027027027027
348,0.6739864864864865
349,0.6722972972972973
350,0.6385135135135135
351,0.6469594594594594
352,0.6621621621621622
353,0.6621621621621622
354,0.6418918918918919
355,0.6402027027027027
356,0.6587837837837838
357,0.652027027027027
358,0.6638513513513513
359,0.6621621621621622
360,0.6418918918918919
361,0.6368243243243243
362,0.6351351351351351
363,0.6570945945945946
364,0.6368243243243243
365,0.668918918918919
366,0.6114864864864865
367,0.6351351351351351
368,0.6554054054054054
369,0.6283783783783784
370,0.6131756756756757
371,0.6351351351351351
372,0.6351351351351351
373,0.643581081081081
374,0.6452702702702703
375,0.6452702702702703
376,0.6165540540540541
377,0.6655405405405406
378,0.660472972972973
379,0.6469594594594594
380,0.6537162162162162
381,0.6621621621621622
382,0.6570945945945946
383,0.6537162162162162
384,0.6452702702702703
385,0.6334459459459459
386,0.6402027027027027
387,0.6165540540540541
388,0.6486486486486487
389,0.6537162162162162
390,0.6587837837837838
391,0.668918918918919
392,0.6638513513513513
393,0.6233108108108109
394,0.6486486486486487
395,0.652027027027027
396,0.6486486486486487
397,0.6469594594594594
398,0.6570945945945946
399,0.6570945945945946
400,0.652027027027027
401,0.6503378378378378
402,0.6486486486486487
403,0.6283783783783784
404,0.6773648648648649
405,0.6554054054054054
406,0.6638513513513513
407,0.6469594594594594
408,0.6655405405405406
409,0.6503378378378378
410,0.6638513513513513
411,0.6655405405405406
412,0.5371621621621622
413,0.6418918918918919
414,0.6418918918918919
415,0.6283783783783784
416,0.6503378378378378
417,0.6368243243243243
418,0.643581081081081
419,0.6706081081081081
420,0.6587837837837838
421,0.6503378378378378
422,0.6554054054054054
423,0.6402027027027027
424,0.6503378378378378
425,0.6554054054054054
426,0.6537162162162162
427,0.6739864864864865
428,0.6351351351351351
429,0.6199324324324325
430,0.6469594594594594
431,0.660472972972973
432,0.6351351351351351
433,0.6469594594594594
434,0.6351351351351351
435,0.6739864864864865
436,0.6368243243243243
437,0.6537162162162162
438,0.660472972972973
439,0.6756756756756757
440,0.668918918918919
441,0.6452702702702703
442,0.6418918918918919
443,0.6469594594594594
444,0.6570945945945946
445,0.652027027027027
446,0.668918918918919
447,0.6469594594594594
448,0.668918918918919
449,0.6452702702702703
450,0.6672297297297297
451,0.6824324324324325
452,0.6621621621621622
453,0.6503378378378378
454,0.6773648648648649
455,0.6638513513513513
456,0.6570945945945946
457,0.6841216216216216
458,0.6790540540540541
459,0.6570945945945946
460,0.660472972972973
461,0.6756756756756757
462,0.6722972972972973
463,0.6554054054054054
464,0.6739864864864865
465,0.6537162162162162
466,0.6706081081081081
467,0.6165540540540541
468,0.6655405405405406
469,0.6587837837837838
470,0.652027027027027
471,0.6722972972972973
472,0.6739864864864865
473,0.6706081081081081
474,0.6655405405405406
475,0.6773648648648649
476,0.6722972972972973
477,0.625
478,0.6537162162162162
479,0.6672297297297297
480,0.6537162162162162
481,0.6452702702702703
482,0.6300675675675675
483,0.652027027027027
484,0.6672297297297297
485,0.6655405405405406
486,0.6469594594594594
487,0.6469594594594594
488,0.6672297297297297
489,0.6672297297297297
490,0.6773648648648649
491,0.6655405405405406
492,0.6638513513513513
493,0.652027027027027
494,0.643581081081081
495,0.652027027027027
496,0.6773648648648649
497,0.6452702702702703
498,0.668918918918919
499,0.6908783783783784
500,0.6469594594594594
501,0.6452702702702703
502,0.6621621621621622
503,0.4814189189189189
504,0.625
505,0.6385135135135135
506,0.6655405405405406
507,0.6706081081081081
508,0.6081081081081081
509,0.6722972972972973
510,0.6587837837837838
511,0.6638513513513513
512,0.6638513513513513
513,0.6418918918918919
514,0.6706081081081081
515,0.6706081081081081
516,0.6672297297297297
517,0.6266891891891891
518,0.6418918918918919
519,0.6148648648648649
520,0.6638513513513513
521,0.6233108108108109
522,0.6537162162162162
523,0.6402027027027027
524,0.6418918918918919
525,0.6503378378378378
526,0.6469594594594594
527,0.6570945945945946
528,0.6486486486486487
529,0.6216216216216216
530,0.6570945945945946
531,0.6503378378378378
532,0.6283783783783784
533,0.668918918918919
534,0.6621621621621622
535,0.6570945945945946
536,0.6418918918918919
537,0.6418918918918919
538,0.660472972972973
539,0.652027027027027
540,0.6182432432432432
541,0.6554054054054054
542,0.6537162162162162
543,0.6486486486486487
544,0.6655405405405406
545,0.6418918918918919
546,0.6537162162162162
547,0.6570945945945946
548,0.6554054054054054
549,0.6638513513513513
550,0.6266891891891891
551,0.6655405405405406
552,0.6638513513513513
553,0.6672297297297297
554,0.6587837837837838
555,0.6587837837837838
556,0.6655405405405406
557,0.6756756756756757
558,0.6570945945945946
559,0.6402027027027027
560,0.6486486486486487
561,0.6266891891891891
562,0.6486486486486487
563,0.6317567567567568
564,0.6452702702702703
565,0.668918918918919
566,0.6351351351351351
567,0.6402027027027027
568,0.660472972972973
569,0.6452702702702703
570,0.6587837837837838
571,0.6621621621621622
572,0.6503378378378378
573,0.6469594594594594
574,0.6722972972972973
575,0.6638513513513513
576,0.6790540540540541
577,0.6486486486486487
578,0.6672297297297297
579,0.6351351351351351
580,0.6722972972972973
581,0.6706081081081081
582,0.6891891891891891
583,0.6537162162162162
584,0.6503378378378378
585,0.6570945945945946
586,0.6570945945945946
587,0.6672297297297297
588,0.6621621621621622
589,0.6841216216216216
590,0.6452702702702703
591,0.660472972972973
592,0.6655405405405406
593,0.6368243243243243
594,0.6418918918918919
595,0.652027027027027
596,0.6706081081081081
597,0.6537162162162162
598,0.6300675675675675
599,0.652027027027027
600,0.6638513513513513
601,0.652027027027027
602,0.668918918918919
603,0.660472972972973
604,0.6638513513513513
605,0.6841216216216216
606,0.6655405405405406
607,0.6283783783783784
608,0.652027027027027
609,0.6655405405405406
610,0.6402027027027027
611,0.6638513513513513
612,0.660472972972973
613,0.6452702702702703
614,0.6418918918918919
615,0.6368243243243243
616,0.6452702702702703
617,0.6655405405405406
618,0.6537162162162162
619,0.668918918918919
620,0.6554054054054054
621,0.6537162162162162
622,0.6621621621621622
623,0.6385135135135135
624,0.6790540540540541
625,0.6722972972972973
626,0.643581081081081
627,0.6081081081081081
628,0.6486486486486487
629,0.660472972972973
630,0.6756756756756757
631,0.6047297297297297
632,0.6537162162162162
633,0.6587837837837838
634,0.6554054054054054
635,0.6486486486486487
636,0.643581081081081
637,0.6503378378378378
638,0.6503378378378378
639,0.6722972972972973
640,0.6452702702702703
641,0.6655405405405406
642,0.6638513513513513
643,0.6199324324324325
644,0.6317567567567568
645,0.6554054054054054
646,0.6587837837837838
647,0.652027027027027
648,0.6334459459459459
649,0.6351351351351351
650,0.643581081081081
651,0.6655405405405406
652,0.6587837837837838
653,0.6385135135135135
654,0.6621621621621622
655,0.6672297297297297
656,0.6739864864864865
657,0.6807432432432432
658,0.6385135135135135
659,0.6537162162162162
660,0.6587837837837838
661,0.6503378378378378
662,0.6655405405405406
663,0.6300675675675675
664,0.6537162162162162
665,0.660472972972973
666,0.6469594594594594
667,0.6233108108108109
668,0.6486486486486487
669,0.6722972972972973
670,0.6469594594594594
671,0.6638513513513513
672,0.6722972972972973
673,0.6706081081081081
674,0.6655405405405406
675,0.6739864864864865
676,0.660472972972973
677,0.6351351351351351
678,0.668918918918919
679,0.6216216216216216
680,0.6351351351351351
681,0.6722972972972973
682,0.652027027027027
683,0.6554054054054054
684,0.652027027027027
685,0.6537162162162162
686,0.6486486486486487
687,0.6790540540540541
688,0.6739864864864865
689,0.6233108108108109
690,0.6503378378378378
691,0.6554054054054054
692,0.6469594594594594
693,0.6452702702702703
694,0.6706081081081081
695,0.5996621621621622
696,0.6756756756756757
697,0.6503378378378378
698,0.6402027027027027
699,0.6807432432432432
700,0.6672297297297297
701,0.6469594594594594
702,0.6351351351351351
703,0.6469594594594594
704,0.6790540540540541
705,0.6368243243243243
706,0.6503378378378378
707,0.6824324324324325
708,0.6587837837837838
709,0.660472972972973
710,0.6537162162162162
711,0.668918918918919
712,0.6773648648648649
713,0.6486486486486487
714,0.6537162162162162
715,0.6469594594594594
716,0.6655405405405406
717,0.6672297297297297
718,0.6655405405405406
719,0.6756756756756757
720,0.652027027027027
721,0.6452702702702703
722,0.668918918918919
723,0.6368243243243243
724,0.6790540540540541
725,0.6621621621621622
726,0.6283783783783784
727,0.6554054054054054
728,0.6773648648648649
729,0.6402027027027027
730,0.6621621621621622
731,0.6773648648648649
732,0.6570945945945946
733,0.6672297297297297
734,0.6807432432432432
735,0.6655405405405406
736,0.6503378378378378
737,0.6841216216216216
738,0.6638513513513513
739,0.6706081081081081
740,0.6672297297297297
741,0.6587837837837838
742,0.6452702702702703
743,0.6706081081081081
744,0.6672297297297297
745,0.668918918918919
746,0.6722972972972973
747,0.6672297297297297
748,0.6537162162162162
749,0.6790540540540541
750,0.6790540540540541
751,0.6621621621621622
752,0.6773648648648649
753,0.6638513513513513
754,0.6891891891891891
755,0.668918918918919
756,0.6790540540540541
757,0.6773648648648649
758,0.6858108108108109
759,0.6672297297297297
760,0.6469594594594594
761,0.6722972972972973
762,0.6722972972972973
763,0.6554054054054054
764,0.09966216216216216
765,0.6486486486486487
766,0.6908783783783784
767,0.6824324324324325
768,0.6891891891891891
769,0.6807432432432432
770,0.6891891891891891
771,0.6942567567567568
772,0.6756756756756757
773,0.6908783783783784
774,0.6537162162162162
775,0.6773648648648649
776,0.6621621621621622
777,0.6503378378378378
778,0.6773648648648649
779,0.6706081081081081
780,0.6773648648648649
781,0.6706081081081081
782,0.660472972972973
783,0.6891891891891891
784,0.6807432432432432
785,0.6486486486486487
786,0.6807432432432432
