1,0.04054054054054054
2,0.04560810810810811
3,0.07263513513513513
4,0.0929054054054054
5,0.0929054054054054
6,0.08952702702702703
7,0.11486486486486487
8,0.1097972972972973
9,0.11148648648648649
10,0.1266891891891892
11,0.14358108108108109
12,0.14358108108108109
13,0.14527027027027026
14,0.17567567567567569
15,0.19256756756756757
16,0.21283783783783783
17,0.17060810810810811
18,0.19087837837837837
19,0.21114864864864866
20,0.20945945945945946
21,0.20270270270270271
22,0.23648648648648649
23,0.23141891891891891
24,0.22128378378378377
25,0.2483108108108108
26,0.23986486486486486
27,0.2719594594594595
28,0.2652027027027027
29,0.2922297297297297
30,0.3091216216216216
31,0.28885135135135137
32,0.3125
33,0.32263513513513514
34,0.32263513513513514
35,0.33614864864864863
36,0.3293918918918919
37,0.35135135135135137
38,0.3530405405405405
39,0.3716216216216216
40,0.3530405405405405
41,0.3766891891891892
42,0.41216216216216217
43,0.3581081081081081
44,0.4206081081081081
45,0.39864864864864863
46,0.4206081081081081
47,0.41047297297297297
48,0.41216216216216217
49,0.43243243243243246
50,0.4510135135135135
51,0.42736486486486486
52,0.4408783783783784
53,0.4577702702702703
54,0.4155405405405405
55,0.4560810810810811
56,0.42736486486486486
57,0.4527027027027027
58,0.40878378378378377
59,0.4560810810810811
60,0.5101351351351351
61,0.4966216216216216
62,0.4594594594594595
63,0.46452702702702703
64,0.535472972972973
65,0.5084459459459459
66,0.47635135135135137
67,0.49155405405405406
68,0.5135135135135135
69,0.5067567567567568
70,0.518581081081081
71,0.5304054054054054
72,0.33783783783783783
73,0.4864864864864865
74,0.46621621621621623
75,0.5202702702702703
76,0.5287162162162162
77,0.5591216216216216
78,0.5168918918918919
79,0.5135135135135135
80,0.5202702702702703
81,0.518581081081081
82,0.5625
83,0.5320945945945946
84,0.5574324324324325
85,0.5506756756756757
86,0.543918918918919
87,0.5591216216216216
88,0.5827702702702703
89,0.5253378378378378
90,0.5388513513513513
91,0.5591216216216216
92,0.5760135135135135
93,0.5641891891891891
94,0.5506756756756757
95,0.5675675675675675
96,0.5591216216216216
97,0.5472972972972973
98,0.5641891891891891
99,0.5777027027027027
100,0.5709459459459459
101,0.5777027027027027
102,0.5945945945945946
103,0.5641891891891891
104,0.5861486486486487
105,0.5692567567567568
106,0.5472972972972973
107,0.581081081081081
108,0.5777027027027027
109,0.5760135135135135
110,0.5878378378378378
111,0.5641891891891891
112,0.6030405405405406
113,0.6097972972972973
114,0.5793918918918919
115,0.5827702702702703
116,0.597972972972973
117,0.5743243243243243
118,0.5861486486486487
119,0.5523648648648649
120,0.5675675675675675
121,0.5777027027027027
122,0.6047297297297297
123,0.606418918918919
124,0.597972972972973
125,0.5844594594594594
126,0.5591216216216216
127,0.5844594594594594
128,0.5996621621621622
129,0.5929054054054054
130,0.5929054054054054
131,0.5726351351351351
132,0.5844594594594594
133,0.5709459459459459
134,0.5726351351351351
135,0.581081081081081
136,0.6165540540540541
137,0.597972972972973
138,0.6216216216216216
139,0.606418918918919
140,0.606418918918919
141,0.5996621621621622
142,0.6199324324324325
143,0.6283783783783784
144,0.5793918918918919
145,0.597972972972973
146,0.6047297297297297
147,0.6030405405405406
148,0.5793918918918919
149,0.5844594594594594
150,0.5641891891891891
151,0.5861486486486487
152,0.6131756756756757
153,0.5861486486486487
154,0.5878378378378378
155,0.4222972972972973
156,0.5726351351351351
157,0.6131756756756757
158,0.6097972972972973
159,0.6030405405405406
160,0.5574324324324325
161,0.5861486486486487
162,0.5996621621621622
163,0.5658783783783784
164,0.5962837837837838
165,0.581081081081081
166,0.5962837837837838
167,0.4408783783783784
168,0.5709459459459459
169,0.527027027027027
170,0.6047297297297297
171,0.5861486486486487
172,0.6030405405405406
173,0.5793918918918919
174,0.5844594594594594
175,0.589527027027027
176,0.5962837837837838
177,0.5912162162162162
178,0.5726351351351351
179,0.6114864864864865
180,0.6097972972972973
181,0.5912162162162162
182,0.5962837837837838
183,0.6047297297297297
184,0.6047297297297297
185,0.5878378378378378
186,0.5658783783783784
187,0.6131756756756757
188,0.5962837837837838
189,0.6216216216216216
190,0.6030405405405406
191,0.589527027027027
192,0.6047297297297297
193,0.5726351351351351
194,0.6148648648648649
195,0.6097972972972973
196,0.5945945945945946
197,0.6047297297297297
198,0.6148648648648649
199,0.597972972972973
200,0.5945945945945946
201,0.589527027027027
202,0.5996621621621622
203,0.589527027027027
204,0.5743243243243243
205,0.6114864864864865
206,0.6199324324324325
207,0.6165540540540541
208,0.6013513513513513
209,0.5962837837837838
210,0.5844594594594594
211,0.6030405405405406
212,0.5793918918918919
213,0.5929054054054054
214,0.5844594594594594
215,0.6047297297297297
216,0.5827702702702703
217,0.581081081081081
218,0.6081081081081081
219,0.6081081081081081
220,0.589527027027027
221,0.6030405405405406
222,0.606418918918919
223,0.5962837837837838
224,0.6165540540540541
225,0.6216216216216216
226,0.6131756756756757
227,0.6233108108108109
228,0.6114864864864865
229,0.5878378378378378
230,0.6013513513513513
231,0.5878378378378378
232,0.5760135135135135
233,0.6114864864864865
234,0.5962837837837838
235,0.6097972972972973
236,0.581081081081081
237,0.5996621621621622
238,0.6114864864864865
239,0.6182432432432432
240,0.5996621621621622
241,0.5912162162162162
242,0.6081081081081081
243,0.5709459459459459
244,0.589527027027027
245,0.6131756756756757
246,0.5793918918918919
247,0.6114864864864865
248,0.5962837837837838
249,0.6131756756756757
250,0.6131756756756757
251,0.589527027027027
252,0.6047297297297297
253,0.6283783783783784
254,0.6097972972972973
255,0.6266891891891891
256,0.6030405405405406
257,0.6182432432432432
258,0.6317567567567568
259,0.5945945945945946
260,0.5996621621621622
261,0.5692567567567568
262,0.6148648648648649
263,0.5793918918918919
264,0.6266891891891891
265,0.6165540540540541
266,0.6097972972972973
267,0.6030405405405406
268,0.6097972972972973
269,0.6216216216216216
270,0.5777027027027027
271,0.6131756756756757
272,0.5912162162162162
273,0.6131756756756757
274,0.6385135135135135
275,0.6300675675675675
276,0.6081081081081081
277,0.6030405405405406
278,0.6047297297297297
279,0.6351351351351351
280,0.6351351351351351
281,0.6148648648648649
282,0.6233108108108109
283,0.6266891891891891
284,0.625
285,0.597972972972973
286,0.5996621621621622
287,0.606418918918919
288,0.6114864864864865
289,0.6114864864864865
290,0.5726351351351351
291,0.6182432432432432
292,0.6165540540540541
293,0.625
294,0.5996621621621622
295,0.5945945945945946
296,0.6385135135135135
297,0.6216216216216216
298,0.5709459459459459
299,0.6114864864864865
300,0.6266891891891891
301,0.606418918918919
302,0.6199324324324325
303,0.6233108108108109
304,0.6097972972972973
305,0.606418918918919
306,0.6131756756756757
307,0.6300675675675675
308,0.606418918918919
309,0.6216216216216216
310,0.6097972972972973
311,0.6114864864864865
312,0.6216216216216216
313,0.6047297297297297
314,0.6283783783783784
315,0.5844594594594594
316,0.6317567567567568
317,0.5945945945945946
318,0.597972972972973
319,0.5878378378378378
320,0.6216216216216216
321,0.6233108108108109
322,0.6351351351351351
323,0.6385135135135135
324,0.6317567567567568
325,0.6081081081081081
326,0.5793918918918919
327,0.6131756756756757
328,0.6351351351351351
329,0.6402027027027027
330,0.6300675675675675
331,0.5827702702702703
332,0.6114864864864865
333,0.5878378378378378
334,0.5878378378378378
335,0.6097972972972973
336,0.6216216216216216
337,0.589527027027027
338,0.6351351351351351
339,0.5625
340,0.5472972972972973
341,0.6182432432432432
342,0.6266891891891891
343,0.5844594594594594
344,0.6131756756756757
345,0.6368243243243243
346,0.6013513513513513
347,0.6097972972972973
348,0.625
349,0.5996621621621622
350,0.6131756756756757
351,0.6283783783783784
352,0.606418918918919
353,0.6030405405405406
354,0.597972972972973
355,0.625
356,0.606418918918919
357,0.5844594594594594
358,0.6351351351351351
359,0.6165540540540541
360,0.6013513513513513
361,0.5996621621621622
362,0.6097972972972973
363,0.6114864864864865
364,0.6081081081081081
365,0.597972972972973
366,0.6114864864864865
367,0.6013513513513513
368,0.606418918918919
369,0.6368243243243243
370,0.6114864864864865
371,0.6114864864864865
372,0.6266891891891891
373,0.6030405405405406
374,0.6233108108108109
375,0.6351351351351351
376,0.6300675675675675
377,0.6351351351351351
378,0.5996621621621622
379,0.6300675675675675
380,0.6030405405405406
381,0.6131756756756757
382,0.5827702702702703
383,0.625
384,0.606418918918919
385,0.5945945945945946
386,0.6233108108108109
387,0.6047297297297297
388,0.6216216216216216
389,0.6114864864864865
390,0.6233108108108109
391,0.5878378378378378
392,0.5962837837837838
393,0.606418918918919
394,0.6013513513513513
395,0.6283783783783784
396,0.6199324324324325
397,0.6114864864864865
398,0.6283783783783784
399,0.6081081081081081
400,0.6131756756756757
401,0.6114864864864865
402,0.6047297297297297
403,0.6148648648648649
404,0.6351351351351351
405,0.6182432432432432
406,0.606418918918919
407,0.6081081081081081
408,0.6266891891891891
409,0.6385135135135135
410,0.6182432432432432
411,0.6385135135135135
412,0.6047297297297297
413,0.6216216216216216
414,0.6030405405405406
415,0.6081081081081081
416,0.6097972972972973
417,0.5996621621621622
418,0.6283783783783784
419,0.6266891891891891
420,0.6030405405405406
421,0.6013513513513513
422,0.625
423,0.5945945945945946
424,0.6266891891891891
425,0.6047297297297297
426,0.625
427,0.6081081081081081
428,0.6317567567567568
429,0.6097972972972973
430,0.6266891891891891
431,0.6081081081081081
432,0.6182432432432432
433,0.6334459459459459
434,0.6402027027027027
435,0.606418918918919
436,0.6165540540540541
437,0.6334459459459459
438,0.652027027027027
439,0.6317567567567568
440,0.6114864864864865
441,0.625
442,0.6131756756756757
443,0.6199324324324325
444,0.6537162162162162
445,0.6266891891891891
446,0.606418918918919
447,0.6266891891891891
448,0.6486486486486487
449,0.6300675675675675
450,0.6368243243243243
451,0.6283783783783784
452,0.6317567567567568
453,0.6148648648648649
454,0.606418918918919
455,0.581081081081081
456,0.6233108108108109
457,0.6131756756756757
458,0.6199324324324325
459,0.6148648648648649
460,0.6216216216216216
461,0.6131756756756757
462,0.6317567567567568
463,0.6131756756756757
464,0.6266891891891891
465,0.6114864864864865
466,0.6182432432432432
467,0.6165540540540541
468,0.5912162162162162
469,0.5996621621621622
470,0.6148648648648649
471,0.6317567567567568
472,0.6452702702702703
473,0.6300675675675675
474,0.625
475,0.625
476,0.6351351351351351
477,0.6283783783783784
478,0.06587837837837837
479,0.5253378378378378
480,0.5219594594594594
481,0.6165540540540541
482,0.6402027027027027
483,0.6233108108108109
484,0.6385135135135135
485,0.5777027027027027
486,0.6300675675675675
487,0.6486486486486487
488,0.5878378378378378
489,0.10641891891891891
490,0.42905405405405406
491,0.589527027027027
492,0.6165540540540541
493,0.6368243243243243
494,0.6114864864864865
495,0.6351351351351351
496,0.6030405405405406
497,0.6266891891891891
498,0.6131756756756757
499,0.606418918918919
500,0.6165540540540541
501,0.6300675675675675
502,0.6452702702702703
503,0.606418918918919
504,0.606418918918919
505,0.5996621621621622
506,0.6030405405405406
507,0.6148648648648649
508,0.6351351351351351
509,0.6097972972972973
510,0.5996621621621622
511,0.6385135135135135
512,0.6148648648648649
513,0.589527027027027
514,0.597972972972973
515,0.6182432432432432
516,0.5861486486486487
517,0.5962837837837838
518,0.6570945945945946
519,0.6317567567567568
520,0.589527027027027
521,0.6165540540540541
522,0.597972972972973
523,0.6368243243243243
524,0.606418918918919
525,0.6283783783783784
526,0.6114864864864865
527,0.6165540540540541
528,0.6199324324324325
529,0.6030405405405406
530,0.5726351351351351
531,0.6368243243243243
532,0.6216216216216216
533,0.606418918918919
534,0.5523648648648649
535,0.6131756756756757
536,0.6385135135135135
537,0.6182432432432432
538,0.625
539,0.6047297297297297
540,0.6300675675675675
541,0.6385135135135135
542,0.6283783783783784
543,0.6047297297297297
544,0.6013513513513513
545,0.6182432432432432
546,0.6418918918918919
547,0.6182432432432432
548,0.5743243243243243
549,0.6216216216216216
550,0.6300675675675675
551,0.6114864864864865
552,0.6334459459459459
553,0.5945945945945946
554,0.6097972972972973
555,0.6283783783783784
556,0.6418918918918919
557,0.6266891891891891
558,0.625
559,0.6486486486486487
560,0.6334459459459459
561,0.6537162162162162
562,0.6165540540540541
563,0.5878378378378378
564,0.6266891891891891
565,0.6013513513513513
566,0.6385135135135135
567,0.6418918918918919
568,0.6030405405405406
569,0.6486486486486487
570,0.652027027027027
571,0.6334459459459459
572,0.643581081081081
573,0.6199324324324325
574,0.6233108108108109
575,0.6283783783783784
576,0.6266891891891891
577,0.6351351351351351
578,0.6114864864864865
579,0.6503378378378378
580,0.6030405405405406
581,0.6283783783783784
582,0.6503378378378378
583,0.581081081081081
584,0.6131756756756757
585,0.6233108108108109
586,0.6233108108108109
587,0.6081081081081081
588,0.5878378378378378
589,0.5726351351351351
590,0.5962837837837838
591,0.597972972972973
592,0.6452702702702703
593,0.6097972972972973
594,0.6182432432432432
595,0.5827702702702703
596,0.5793918918918919
597,0.6131756756756757
598,0.606418918918919
599,0.6233108108108109
600,0.6165540540540541
601,0.6216216216216216
602,0.5962837837837838
603,0.3935810810810811
604,0.5236486486486487
605,0.5962837837837838
606,0.581081081081081
607,0.6081081081081081
608,0.6081081081081081
609,0.6013513513513513
610,0.6097972972972973
611,0.5912162162162162
612,0.5726351351351351
613,0.6114864864864865
614,0.6233108108108109
615,0.5878378378378378
616,0.5962837837837838
617,0.6199324324324325
618,0.6283783783783784
619,0.5912162162162162
620,0.6081081081081081
621,0.5962837837837838
622,0.597972972972973
623,0.6131756756756757
624,0.6131756756756757
625,0.625
626,0.6097972972972973
627,0.6030405405405406
628,0.6351351351351351
629,0.5827702702702703
630,0.6300675675675675
631,0.6081081081081081
632,0.5996621621621622
633,0.581081081081081
634,0.6402027027027027
635,0.5658783783783784
636,0.6148648648648649
637,0.6165540540540541
638,0.6216216216216216
639,0.6317567567567568
640,0.5962837837837838
641,0.6199324324324325
642,0.5962837837837838
643,0.6114864864864865
644,0.5912162162162162
645,0.6233108108108109
646,0.6148648648648649
647,0.6081081081081081
648,0.5405405405405406
649,0.589527027027027
650,0.6148648648648649
651,0.6081081081081081
652,0.6266891891891891
653,0.6165540540540541
654,0.5878378378378378
655,0.6216216216216216
656,0.597972972972973
657,0.5557432432432432
658,0.597972972972973
659,0.6097972972972973
660,0.6114864864864865
661,0.5962837837837838
662,0.6216216216216216
663,0.6114864864864865
664,0.6368243243243243
665,0.6283783783783784
666,0.6081081081081081
667,0.6233108108108109
668,0.6182432432432432
669,0.6148648648648649
670,0.6266891891891891
671,0.6182432432432432
672,0.606418918918919
673,0.6266891891891891
674,0.5878378378378378
675,0.6165540540540541
676,0.6047297297297297
677,0.6351351351351351
678,0.581081081081081
679,0.6081081081081081
680,0.6131756756756757
681,0.6334459459459459
682,0.6283783783783784
683,0.6418918918918919
684,0.6334459459459459
685,0.6216216216216216
686,0.6351351351351351
687,0.6266891891891891
688,0.6199324324324325
689,0.5945945945945946
690,0.6385135135135135
691,0.6351351351351351
692,0.5574324324324325
693,0.5692567567567568
694,0.6097972972972973
695,0.606418918918919
696,0.6233108108108109
697,0.6030405405405406
698,0.597972972972973
699,0.6030405405405406
700,0.625
701,0.5945945945945946
702,0.6047297297297297
703,0.5844594594594594
704,0.6013513513513513
705,0.597972972972973
706,0.6047297297297297
707,0.6047297297297297
708,0.6148648648648649
709,0.6283783783783784
710,0.6182432432432432
711,0.6283783783783784
712,0.6165540540540541
713,0.5878378378378378
714,0.6047297297297297
715,0.6182432432432432
716,0.5844594594594594
717,0.6097972972972973
718,0.6165540540540541
719,0.5945945945945946
720,0.6114864864864865
721,0.5844594594594594
722,0.5540540540540541
723,0.5777027027027027
724,0.6030405405405406
725,0.597972972972973
726,0.5945945945945946
727,0.6081081081081081
728,0.606418918918919
729,0.5962837837837838
730,0.6182432432432432
731,0.6165540540540541
732,0.6131756756756757
733,0.589527027027027
734,0.5777027027027027
735,0.6216216216216216
736,0.589527027027027
737,0.606418918918919
738,0.6114864864864865
739,0.6030405405405406
740,0.5861486486486487
741,0.5912162162162162
742,0.6030405405405406
743,0.6300675675675675
744,0.6131756756756757
745,0.6131756756756757
746,0.6030405405405406
747,0.6047297297297297
748,0.6097972972972973
749,0.6418918918918919
750,0.6081081081081081
751,0.6165540540540541
752,0.5929054054054054
753,0.6047297297297297
754,0.6114864864864865
755,0.6165540540540541
756,0.6030405405405406
757,0.5760135135135135
758,0.5878378378378378
759,0.6013513513513513
760,0.6165540540540541
761,0.606418918918919
762,0.5827702702702703
763,0.6030405405405406
764,0.6047297297297297
765,0.6233108108108109
766,0.6081081081081081
767,0.5929054054054054
768,0.6114864864864865
769,0.6030405405405406
770,0.6131756756756757
771,0.6148648648648649
772,0.6283783783783784
773,0.5962837837837838
774,0.6385135135135135
775,0.597972972972973
776,0.625
777,0.5709459459459459
778,0.6283783783783784
779,0.5912162162162162
780,0.6097972972972973
781,0.6013513513513513
782,0.5945945945945946
783,0.6283783783783784
784,0.5625
785,0.6114864864864865
786,0.6047297297297297
787,0.5962837837837838
788,0.5827702702702703
789,0.6199324324324325
790,0.625
791,0.6131756756756757
792,0.6300675675675675
793,0.5996621621621622
794,0.5962837837837838
795,0.5878378378378378
796,0.625
797,0.6097972972972973
798,0.6266891891891891
799,0.643581081081081
800,0.6165540540540541
801,0.597972972972973
802,0.6182432432432432
803,0.6216216216216216
804,0.597972972972973
805,0.6300675675675675
806,0.6047297297297297
807,0.606418918918919
808,0.6266891891891891
809,0.6030405405405406
810,0.6081081081081081
811,0.6114864864864865
812,0.6216216216216216
813,0.6131756756756757
814,0.6131756756756757
815,0.597972972972973
816,0.6013513513513513
817,0.6148648648648649
818,0.5962837837837838
819,0.6351351351351351
820,0.6233108108108109
821,0.6131756756756757
822,0.6266891891891891
823,0.5844594594594594
824,0.6081081081081081
825,0.625
826,0.6216216216216216
827,0.6199324324324325
828,0.6165540540540541
829,0.6131756756756757
830,0.5996621621621622
831,0.6165540540540541
832,0.6097972972972973
833,0.6097972972972973
834,0.6148648648648649
835,0.6047297297297297
836,0.6148648648648649
837,0.6165540540540541
838,0.6165540540540541
839,0.6283783783783784
840,0.5861486486486487
841,0.6047297297297297
842,0.6030405405405406
843,0.6266891891891891
844,0.6131756756756757
845,0.6233108108108109
846,0.6148648648648649
847,0.6148648648648649
848,0.5962837837837838
849,0.6233108108108109
850,0.6351351351351351
851,0.5878378378378378
852,0.5996621621621622
853,0.6114864864864865
854,0.6097972972972973
855,0.5709459459459459
856,0.6233108108108109
857,0.6114864864864865
858,0.6081081081081081
859,0.6300675675675675
860,0.5861486486486487
861,0.6233108108108109
862,0.6216216216216216
863,0.5912162162162162
864,0.6114864864864865
865,0.643581081081081
866,0.5945945945945946
867,0.5827702702702703
868,0.652027027027027
869,0.6097972972972973
870,0.6114864864864865
871,0.5929054054054054
872,0.5912162162162162
873,0.6148648648648649
874,0.581081081081081
875,0.5726351351351351
876,0.5945945945945946
877,0.6047297297297297
878,0.5827702702702703
879,0.008445945945945946
880,0.49324324324324326
881,0.5878378378378378
882,0.6131756756756757
883,0.597972972972973
884,0.6013513513513513
885,0.5962837837837838
886,0.6385135135135135
887,0.5996621621621622
888,0.6131756756756757
889,0.6216216216216216
890,0.5945945945945946
891,0.6182432432432432
892,0.6402027027027027
893,0.5962837837837838
894,0.6148648648648649
895,0.5861486486486487
896,0.581081081081081
897,0.5861486486486487
898,0.6182432432432432
899,0.6182432432432432
900,0.597972972972973
