1,0.03885135135135135
2,0.04391891891891892
3,0.052364864864864864
4,0.06587837837837837
5,0.05912162162162162
6,0.04222972972972973
7,0.037162162162162164
8,0.030405405405405407
9,0.060810810810810814
10,0.05912162162162162
11,0.07432432432432433
12,0.09797297297297297
13,0.07601351351351351
14,0.060810810810810814
15,0.08108108108108109
16,0.07263513513513513
17,0.08277027027027027
18,0.10135135135135136
19,0.10641891891891891
20,0.0625
21,0.08277027027027027
22,0.10810810810810811
23,0.0777027027027027
24,0.08445945945945946
25,0.11317567567567567
26,0.08614864864864864
27,0.07094594594594594
28,0.08277027027027027
29,0.11655405405405406
30,0.07939189189189189
31,0.08445945945945946
32,0.11486486486486487
33,0.07432432432432433
34,0.11993243243243243
35,0.15878378378378377
36,0.11655405405405406
37,0.14695945945945946
38,0.09797297297297297
39,0.13006756756756757
40,0.11148648648648649
41,0.1266891891891892
42,0.14020270270270271
43,0.12837837837837837
44,0.12162162162162163
45,0.11317567567567567
46,0.14358108108108109
47,0.14358108108108109
48,0.13682432432432431
49,0.11655405405405406
50,0.15033783783783783
51,0.16722972972972974
52,0.16047297297297297
53,0.16047297297297297
54,0.12162162162162163
55,0.13682432432432431
56,0.14695945945945946
57,0.13851351351351351
58,0.14020270270270271
59,0.15371621621621623
60,0.14020270270270271
61,0.15878378378378377
62,0.14695945945945946
63,0.15033783783783783
64,0.13344594594594594
65,0.14020270270270271
66,0.15202702702702703
67,0.12162162162162163
68,0.13344594594594594
69,0.16047297297297297
70,0.15033783783783783
71,0.17060810810810811
72,0.16047297297297297
73,0.1858108108108108
74,0.14527027027027026
75,0.14864864864864866
76,0.15202702702702703
77,0.1891891891891892
78,0.19256756756756757
79,0.16554054054054054
80,0.16216216216216217
81,0.1570945945945946
82,0.15371621621621623
83,0.14358108108108109
84,0.16722972972972974
85,0.14527027027027026
86,0.19594594594594594
87,0.16385135135135134
88,0.16385135135135134
89,0.18074324324324326
90,0.19256756756756757
91,0.1858108108108108
92,0.18074324324324326
93,0.18412162162162163
94,0.17567567567567569
95,0.15033783783783783
96,0.1858108108108108
97,0.17229729729729729
98,0.16722972972972974
99,0.16385135135135134
100,0.1875
101,0.17398648648648649
102,0.17060810810810811
103,0.18243243243243243
104,0.18243243243243243
105,0.19087837837837837
106,0.16216216216216217
107,0.16722972972972974
108,0.20270270270270271
109,0.18412162162162163
110,0.19594594594594594
111,0.18243243243243243
112,0.1891891891891892
113,0.19594594594594594
114,0.18074324324324326
115,0.17736486486486486
116,0.15202702702702703
117,0.1875
118,0.20608108108108109
119,0.19256756756756757
120,0.22128378378378377
121,0.19932432432432431
122,0.19087837837837837
123,0.1875
124,0.17736486486486486
125,0.18243243243243243
126,0.20101351351351351
127,0.21621621621621623
128,0.17398648648648649
129,0.20270270270270271
130,0.19256756756756757
131,0.22297297297297297
132,0.16891891891891891
133,0.22297297297297297
134,0.1891891891891892
135,0.16554054054054054
136,0.18074324324324326
137,0.18412162162162163
138,0.16554054054054054
139,0.20439189189189189
140,0.18243243243243243
141,0.17567567567567569
142,0.2179054054054054
143,0.20270270270270271
144,0.19425675675675674
145,0.19425675675675674
146,0.17567567567567569
147,0.17736486486486486
148,0.18074324324324326
149,0.20270270270270271
150,0.1891891891891892
151,0.19256756756756757
152,0.2179054054054054
153,0.20608108108108109
154,0.22297297297297297
155,0.21114864864864866
156,0.18243243243243243
157,0.20101351351351351
158,0.2195945945945946
159,0.19256756756756757
160,0.19763513513513514
161,0.20439189189189189
162,0.24493243243243243
163,0.19087837837837837
164,0.16554054054054054
165,0.1891891891891892
166,0.2483108108108108
167,0.21621621621621623
168,0.17398648648648649
169,0.21452702702702703
170,0.23141891891891891
171,0.20439189189189189
172,0.17567567567567569
173,0.16047297297297297
174,0.22297297297297297
175,0.19256756756756757
176,0.19087837837837837
177,0.20945945945945946
178,0.22972972972972974
179,0.19594594594594594
180,0.22635135135135134
181,0.19932432432432431
182,0.22297297297297297
183,0.22635135135135134
184,0.20101351351351351
185,0.18412162162162163
186,0.25
187,0.19932432432432431
188,0.17567567567567569
189,0.19256756756756757
190,0.18412162162162163
191,0.20608108108108109
192,0.14527027027027026
193,0.21114864864864866
194,0.1875
195,0.22466216216216217
196,0.20945945945945946
197,0.15878378378378377
198,0.19087837837837837
199,0.18412162162162163
200,0.17567567567567569
201,0.20608108108108109
202,0.22128378378378377
203,0.19932432432432431
204,0.22297297297297297
205,0.20439189189189189
206,0.18243243243243243
207,0.21114864864864866
208,0.19932432432432431
209,0.2195945945945946
210,0.17736486486486486
211,0.19932432432432431
212,0.17229729729729729
213,0.22972972972972974
214,0.19763513513513514
215,0.19087837837837837
216,0.22466216216216217
217,0.19594594594594594
218,0.23141891891891891
219,0.18243243243243243
220,0.22635135135135134
221,0.19763513513513514
222,0.1858108108108108
223,0.20777027027027026
224,0.21621621621621623
225,0.22804054054054054
226,0.25675675675675674
227,0.22635135135135134
228,0.23141891891891891
229,0.20608108108108109
230,0.17567567567567569
231,0.16722972972972974
232,0.19425675675675674
233,0.22128378378378377
234,0.21621621621621623
235,0.1858108108108108
236,0.20945945945945946
237,0.23310810810810811
238,0.20270270270270271
239,0.2195945945945946
240,0.22128378378378377
241,0.16722972972972974
242,0.19256756756756757
243,0.23141891891891891
244,0.23310810810810811
245,0.22635135135135134
246,0.23310810810810811
247,0.25844594594594594
248,0.2483108108108108
249,0.20608108108108109
250,0.21283783783783783
251,0.2195945945945946
252,0.22297297297297297
253,0.21621621621621623
254,0.22972972972972974
255,0.23310810810810811
256,0.2483108108108108
257,0.23648648648648649
258,0.19932432432432431
259,0.18243243243243243
260,0.22972972972972974
261,0.20439189189189189
262,0.2685810810810811
263,0.21114864864864866
264,0.22804054054054054
265,0.24493243243243243
266,0.24493243243243243
267,0.20439189189189189
268,0.2195945945945946
269,0.21621621621621623
270,0.16891891891891891
271,0.25506756756756754
272,0.25675675675675674
273,0.2635135135135135
274,0.22297297297297297
275,0.21452702702702703
276,0.22635135135135134
277,0.22972972972972974
278,0.22972972972972974
279,0.24155405405405406
280,0.25844594594594594
281,0.25506756756756754
282,0.22804054054054054
283,0.2533783783783784
284,0.20777027027027026
285,0.2516891891891892
286,0.2516891891891892
287,0.2179054054054054
288,0.24324324324324326
289,0.26013513513513514
290,0.23141891891891891
291,0.23648648648648649
292,0.24155405405405406
293,0.28209459459459457
294,0.27702702702702703
295,0.28040540540540543
296,0.2905405405405405
297,0.24324324324324326
298,0.26013513513513514
299,0.2483108108108108
300,0.21114864864864866
301,0.22972972972972974
302,0.23479729729729729
303,0.20608108108108109
304,0.25506756756756754
305,0.20439189189189189
306,0.2195945945945946
307,0.24324324324324326
308,0.24662162162162163
309,0.20270270270270271
310,0.18074324324324326
311,0.21283783783783783
312,0.23648648648648649
313,0.2719594594594595
314,0.21283783783783783
315,0.22466216216216217
316,0.23817567567567569
317,0.25
318,0.19763513513513514
319,0.25506756756756754
320,0.23648648648648649
321,0.2483108108108108
322,0.26013513513513514
323,0.2652027027027027
324,0.23141891891891891
325,0.23310810810810811
326,0.23648648648648649
327,0.24324324324324326
328,0.21283783783783783
329,0.23141891891891891
330,0.22972972972972974
331,0.23986486486486486
332,0.23141891891891891
333,0.2668918918918919
334,0.23817567567567569
335,0.2702702702702703
336,0.25
337,0.24493243243243243
338,0.23986486486486486
339,0.23986486486486486
340,0.26013513513513514
341,0.28547297297297297
342,0.23648648648648649
343,0.23141891891891891
344,0.2635135135135135
345,0.25675675675675674
346,0.23479729729729729
347,0.23986486486486486
348,0.22804054054054054
349,0.20608108108108109
350,0.2533783783783784
351,0.2635135135135135
352,0.27702702702702703
353,0.27533783783783783
354,0.26013513513513514
355,0.24493243243243243
356,0.2668918918918919
357,0.27871621621621623
358,0.23479729729729729
359,0.23817567567567569
360,0.22297297297297297
361,0.25844594594594594
362,0.23648648648648649
363,0.26013513513513514
364,0.26182432432432434
365,0.24324324324324326
366,0.20777027027027026
367,0.28209459459459457
368,0.25506756756756754
369,0.25
370,0.27364864864864863
371,0.20608108108108109
372,0.20101351351351351
373,0.2668918918918919
374,0.2179054054054054
375,0.20439189189189189
376,0.20777027027027026
377,0.24155405405405406
378,0.19425675675675674
379,0.24324324324324326
380,0.22972972972972974
381,0.22972972972972974
382,0.25675675675675674
383,0.25
384,0.2652027027027027
385,0.26013513513513514
386,0.24493243243243243
387,0.24662162162162163
388,0.2516891891891892
389,0.25
390,0.23986486486486486
391,0.19932432432432431
392,0.2702702702702703
393,0.25
394,0.22972972972972974
395,0.25675675675675674
396,0.22804054054054054
397,0.2668918918918919
398,0.27702702702702703
399,0.26013513513513514
400,0.2905405405405405
401,0.22297297297297297
402,0.2195945945945946
403,0.2179054054054054
404,0.2702702702702703
405,0.2179054054054054
406,0.24324324324324326
407,0.19932432432432431
408,0.23648648648648649
409,0.24155405405405406
410,0.28885135135135137
411,0.21621621621621623
412,0.25506756756756754
413,0.30743243243243246
414,0.2652027027027027
415,0.2533783783783784
416,0.23479729729729729
417,0.23817567567567569
418,0.21283783783783783
419,0.2635135135135135
420,0.30236486486486486
