1,0.016891891891891893
2,0.011824324324324325
3,0.010135135135135136
4,0.008445945945945946
5,0.013513513513513514
6,0.008445945945945946
7,0.008445945945945946
8,0.008445945945945946
9,0.016891891891891893
10,0.016891891891891893
11,0.016891891891891893
12,0.008445945945945946
13,0.016891891891891893
14,0.016891891891891893
15,0.008445945945945946
16,0.016891891891891893
17,0.016891891891891893
18,0.016891891891891893
19,0.016891891891891893
20,0.008445945945945946
21,0.016891891891891893
22,0.008445945945945946
23,0.008445945945945946
24,0.016891891891891893
25,0.016891891891891893
26,0.008445945945945946
27,0.016891891891891893
28,0.016891891891891893
29,0.016891891891891893
30,0.016891891891891893
31,0.016891891891891893
32,0.016891891891891893
33,0.008445945945945946
34,0.008445945945945946
35,0.016891891891891893
36,0.016891891891891893
37,0.008445945945945946
38,0.016891891891891893
39,0.008445945945945946
40,0.016891891891891893
41,0.008445945945945946
42,0.008445945945945946
43,0.008445945945945946
44,0.016891891891891893
45,0.016891891891891893
46,0.016891891891891893
47,0.016891891891891893
48,0.016891891891891893
49,0.008445945945945946
50,0.016891891891891893
51,0.016891891891891893
52,0.016891891891891893
53,0.016891891891891893
54,0.016891891891891893
55,0.008445945945945946
56,0.016891891891891893
57,0.008445945945945946
58,0.008445945945945946
59,0.016891891891891893
60,0.016891891891891893
61,0.016891891891891893
62,0.016891891891891893
63,0.016891891891891893
64,0.016891891891891893
65,0.016891891891891893
66,0.016891891891891893
67,0.008445945945945946
68,0.016891891891891893
69,0.016891891891891893
70,0.016891891891891893
71,0.016891891891891893
72,0.008445945945945946
73,0.008445945945945946
74,0.008445945945945946
75,0.016891891891891893
76,0.016891891891891893
77,0.016891891891891893
78,0.016891891891891893
79,0.016891891891891893
80,0.016891891891891893
81,0.016891891891891893
82,0.016891891891891893
83,0.008445945945945946
84,0.008445945945945946
85,0.016891891891891893
86,0.016891891891891893
87,0.016891891891891893
88,0.008445945945945946
89,0.016891891891891893
90,0.008445945945945946
91,0.016891891891891893
92,0.008445945945945946
93,0.008445945945945946
94,0.008445945945945946
95,0.008445945945945946
96,0.016891891891891893
97,0.016891891891891893
98,0.016891891891891893
99,0.016891891891891893
100,0.008445945945945946
101,0.008445945945945946
102,0.008445945945945946
103,0.008445945945945946
104,0.016891891891891893
105,0.016891891891891893
106,0.008445945945945946
107,0.016891891891891893
108,0.016891891891891893
109,0.016891891891891893
110,0.016891891891891893
111,0.016891891891891893
112,0.016891891891891893
113,0.016891891891891893
114,0.016891891891891893
115,0.016891891891891893
116,0.016891891891891893
117,0.016891891891891893
118,0.016891891891891893
119,0.016891891891891893
120,0.016891891891891893
121,0.016891891891891893
122,0.008445945945945946
123,0.016891891891891893
124,0.016891891891891893
125,0.008445945945945946
126,0.008445945945945946
127,0.008445945945945946
128,0.016891891891891893
129,0.008445945945945946
130,0.016891891891891893
131,0.016891891891891893
132,0.016891891891891893
133,0.008445945945945946
134,0.016891891891891893
135,0.016891891891891893
136,0.016891891891891893
137,0.016891891891891893
138,0.016891891891891893
139,0.016891891891891893
140,0.016891891891891893
141,0.016891891891891893
142,0.016891891891891893
143,0.008445945945945946
144,0.008445945945945946
145,0.008445945945945946
146,0.016891891891891893
147,0.008445945945945946
148,0.016891891891891893
149,0.016891891891891893
150,0.016891891891891893
151,0.008445945945945946
152,0.016891891891891893
153,0.008445945945945946
154,0.008445945945945946
155,0.016891891891891893
156,0.016891891891891893
157,0.016891891891891893
158,0.016891891891891893
159,0.016891891891891893
160,0.016891891891891893
161,0.016891891891891893
162,0.016891891891891893
163,0.016891891891891893
164,0.016891891891891893
165,0.016891891891891893
166,0.016891891891891893
167,0.016891891891891893
168,0.016891891891891893
169,0.008445945945945946
170,0.016891891891891893
171,0.016891891891891893
172,0.008445945945945946
173,0.016891891891891893
174,0.008445945945945946
175,0.016891891891891893
176,0.016891891891891893
177,0.008445945945945946
178,0.016891891891891893
179,0.016891891891891893
180,0.008445945945945946
181,0.008445945945945946
182,0.008445945945945946
183,0.008445945945945946
184,0.008445945945945946
185,0.016891891891891893
186,0.016891891891891893
187,0.008445945945945946
188,0.016891891891891893
189,0.016891891891891893
190,0.008445945945945946
191,0.008445945945945946
192,0.016891891891891893
193,0.016891891891891893
194,0.016891891891891893
195,0.016891891891891893
196,0.016891891891891893
197,0.016891891891891893
198,0.008445945945945946
199,0.008445945945945946
200,0.016891891891891893
201,0.016891891891891893
202,0.016891891891891893
203,0.016891891891891893
204,0.016891891891891893
205,0.016891891891891893
206,0.016891891891891893
207,0.008445945945945946
208,0.008445945945945946
209,0.016891891891891893
210,0.016891891891891893
211,0.016891891891891893
212,0.016891891891891893
213,0.016891891891891893
214,0.008445945945945946
215,0.016891891891891893
216,0.016891891891891893
217,0.016891891891891893
218,0.016891891891891893
219,0.016891891891891893
220,0.016891891891891893
221,0.016891891891891893
222,0.016891891891891893
223,0.016891891891891893
224,0.016891891891891893
225,0.016891891891891893
226,0.008445945945945946
227,0.016891891891891893
228,0.008445945945945946
229,0.008445945945945946
230,0.016891891891891893
231,0.016891891891891893
232,0.016891891891891893
233,0.016891891891891893
234,0.016891891891891893
235,0.016891891891891893
236,0.016891891891891893
237,0.016891891891891893
238,0.008445945945945946
239,0.008445945945945946
240,0.016891891891891893
241,0.016891891891891893
242,0.016891891891891893
243,0.016891891891891893
244,0.016891891891891893
245,0.016891891891891893
246,0.016891891891891893
247,0.016891891891891893
248,0.016891891891891893
249,0.016891891891891893
250,0.008445945945945946
251,0.008445945945945946
252,0.008445945945945946
253,0.008445945945945946
254,0.016891891891891893
255,0.008445945945945946
256,0.008445945945945946
257,0.016891891891891893
258,0.016891891891891893
259,0.016891891891891893
260,0.016891891891891893
261,0.008445945945945946
262,0.008445945945945946
263,0.016891891891891893
264,0.016891891891891893
265,0.016891891891891893
266,0.016891891891891893
267,0.016891891891891893
268,0.008445945945945946
269,0.016891891891891893
270,0.016891891891891893
271,0.016891891891891893
272,0.016891891891891893
273,0.016891891891891893
274,0.016891891891891893
275,0.016891891891891893
276,0.016891891891891893
277,0.008445945945945946
278,0.016891891891891893
279,0.016891891891891893
280,0.016891891891891893
281,0.016891891891891893
282,0.016891891891891893
283,0.008445945945945946
284,0.016891891891891893
285,0.016891891891891893
286,0.016891891891891893
287,0.016891891891891893
288,0.008445945945945946
289,0.016891891891891893
290,0.016891891891891893
291,0.016891891891891893
292,0.016891891891891893
293,0.016891891891891893
294,0.016891891891891893
295,0.016891891891891893
296,0.008445945945945946
297,0.008445945945945946
298,0.016891891891891893
299,0.016891891891891893
300,0.016891891891891893
301,0.016891891891891893
302,0.016891891891891893
303,0.016891891891891893
304,0.016891891891891893
305,0.008445945945945946
306,0.008445945945945946
307,0.008445945945945946
308,0.016891891891891893
309,0.016891891891891893
310,0.016891891891891893
311,0.016891891891891893
312,0.016891891891891893
313,0.016891891891891893
314,0.016891891891891893
315,0.016891891891891893
316,0.016891891891891893
317,0.016891891891891893
318,0.016891891891891893
319,0.016891891891891893
320,0.016891891891891893
321,0.016891891891891893
322,0.016891891891891893
323,0.016891891891891893
324,0.016891891891891893
325,0.016891891891891893
326,0.016891891891891893
327,0.016891891891891893
328,0.016891891891891893
329,0.016891891891891893
330,0.016891891891891893
331,0.016891891891891893
332,0.016891891891891893
333,0.016891891891891893
334,0.016891891891891893
335,0.016891891891891893
336,0.016891891891891893
337,0.016891891891891893
338,0.016891891891891893
339,0.016891891891891893
340,0.016891891891891893
341,0.016891891891891893
342,0.016891891891891893
343,0.016891891891891893
344,0.016891891891891893
345,0.016891891891891893
346,0.016891891891891893
347,0.016891891891891893
348,0.016891891891891893
349,0.016891891891891893
350,0.016891891891891893
351,0.008445945945945946
352,0.008445945945945946
353,0.016891891891891893
354,0.016891891891891893
355,0.016891891891891893
356,0.008445945945945946
357,0.016891891891891893
358,0.016891891891891893
359,0.016891891891891893
360,0.016891891891891893
361,0.016891891891891893
362,0.016891891891891893
363,0.016891891891891893
364,0.016891891891891893
365,0.016891891891891893
366,0.016891891891891893
367,0.016891891891891893
368,0.016891891891891893
369,0.008445945945945946
370,0.016891891891891893
371,0.008445945945945946
372,0.008445945945945946
373,0.008445945945945946
374,0.008445945945945946
375,0.016891891891891893
376,0.016891891891891893
377,0.016891891891891893
378,0.016891891891891893
379,0.016891891891891893
380,0.008445945945945946
381,0.008445945945945946
382,0.008445945945945946
383,0.016891891891891893
384,0.016891891891891893
385,0.016891891891891893
386,0.016891891891891893
387,0.016891891891891893
388,0.016891891891891893
389,0.016891891891891893
390,0.016891891891891893
391,0.016891891891891893
392,0.016891891891891893
393,0.016891891891891893
394,0.016891891891891893
395,0.008445945945945946
396,0.008445945945945946
397,0.016891891891891893
398,0.016891891891891893
399,0.016891891891891893
400,0.016891891891891893
401,0.016891891891891893
402,0.016891891891891893
403,0.008445945945945946
404,0.016891891891891893
405,0.008445945945945946
406,0.008445945945945946
407,0.008445945945945946
408,0.008445945945945946
409,0.008445945945945946
410,0.016891891891891893
411,0.016891891891891893
412,0.016891891891891893
413,0.016891891891891893
414,0.016891891891891893
415,0.016891891891891893
416,0.016891891891891893
417,0.016891891891891893
418,0.016891891891891893
419,0.016891891891891893
420,0.016891891891891893
421,0.016891891891891893
422,0.016891891891891893
423,0.008445945945945946
424,0.016891891891891893
425,0.016891891891891893
426,0.016891891891891893
427,0.016891891891891893
428,0.016891891891891893
429,0.016891891891891893
430,0.016891891891891893
431,0.016891891891891893
432,0.016891891891891893
433,0.016891891891891893
434,0.016891891891891893
435,0.016891891891891893
436,0.016891891891891893
437,0.016891891891891893
438,0.016891891891891893
439,0.016891891891891893
440,0.016891891891891893
441,0.016891891891891893
442,0.008445945945945946
443,0.016891891891891893
444,0.016891891891891893
445,0.016891891891891893
446,0.016891891891891893
447,0.016891891891891893
448,0.008445945945945946
449,0.016891891891891893
450,0.016891891891891893
451,0.016891891891891893
452,0.016891891891891893
453,0.016891891891891893
454,0.016891891891891893
455,0.016891891891891893
456,0.016891891891891893
457,0.016891891891891893
458,0.016891891891891893
459,0.016891891891891893
460,0.016891891891891893
461,0.016891891891891893
462,0.016891891891891893
463,0.016891891891891893
464,0.016891891891891893
465,0.016891891891891893
466,0.016891891891891893
467,0.016891891891891893
468,0.016891891891891893
469,0.016891891891891893
470,0.016891891891891893
471,0.016891891891891893
472,0.016891891891891893
473,0.016891891891891893
474,0.016891891891891893
475,0.016891891891891893
476,0.008445945945945946
477,0.016891891891891893
478,0.008445945945945946
479,0.016891891891891893
480,0.016891891891891893
481,0.016891891891891893
482,0.016891891891891893
483,0.016891891891891893
484,0.016891891891891893
485,0.016891891891891893
486,0.016891891891891893
487,0.016891891891891893
488,0.016891891891891893
489,0.008445945945945946
490,0.016891891891891893
491,0.016891891891891893
492,0.016891891891891893
493,0.016891891891891893
494,0.016891891891891893
495,0.016891891891891893
496,0.016891891891891893
497,0.016891891891891893
498,0.016891891891891893
499,0.016891891891891893
500,0.016891891891891893
501,0.016891891891891893
502,0.008445945945945946
503,0.016891891891891893
504,0.016891891891891893
505,0.016891891891891893
506,0.016891891891891893
507,0.016891891891891893
508,0.016891891891891893
509,0.016891891891891893
510,0.016891891891891893
511,0.008445945945945946
512,0.016891891891891893
513,0.016891891891891893
514,0.016891891891891893
515,0.016891891891891893
516,0.016891891891891893
517,0.008445945945945946
518,0.008445945945945946
519,0.016891891891891893
520,0.016891891891891893
521,0.016891891891891893
522,0.016891891891891893
523,0.016891891891891893
524,0.016891891891891893
525,0.016891891891891893
526,0.008445945945945946
527,0.016891891891891893
528,0.016891891891891893
529,0.016891891891891893
530,0.016891891891891893
531,0.016891891891891893
532,0.016891891891891893
533,0.016891891891891893
534,0.016891891891891893
535,0.016891891891891893
536,0.016891891891891893
537,0.016891891891891893
538,0.016891891891891893
539,0.016891891891891893
540,0.016891891891891893
541,0.016891891891891893
542,0.016891891891891893
543,0.016891891891891893
544,0.016891891891891893
545,0.016891891891891893
546,0.016891891891891893
547,0.008445945945945946
548,0.016891891891891893
549,0.016891891891891893
550,0.016891891891891893
551,0.016891891891891893
552,0.016891891891891893
553,0.016891891891891893
554,0.016891891891891893
555,0.016891891891891893
556,0.016891891891891893
557,0.016891891891891893
558,0.016891891891891893
559,0.016891891891891893
560,0.016891891891891893
561,0.016891891891891893
562,0.008445945945945946
563,0.008445945945945946
564,0.008445945945945946
565,0.008445945945945946
566,0.016891891891891893
567,0.016891891891891893
568,0.016891891891891893
569,0.016891891891891893
570,0.016891891891891893
571,0.016891891891891893
572,0.016891891891891893
573,0.016891891891891893
574,0.016891891891891893
575,0.016891891891891893
576,0.016891891891891893
577,0.008445945945945946
578,0.008445945945945946
579,0.016891891891891893
580,0.016891891891891893
581,0.008445945945945946
582,0.016891891891891893
583,0.016891891891891893
584,0.016891891891891893
585,0.016891891891891893
586,0.016891891891891893
587,0.016891891891891893
588,0.016891891891891893
589,0.016891891891891893
590,0.016891891891891893
591,0.016891891891891893
592,0.016891891891891893
593,0.016891891891891893
594,0.016891891891891893
595,0.016891891891891893
596,0.008445945945945946
597,0.016891891891891893
598,0.016891891891891893
599,0.016891891891891893
600,0.016891891891891893
601,0.016891891891891893
602,0.016891891891891893
603,0.016891891891891893
604,0.016891891891891893
605,0.016891891891891893
606,0.016891891891891893
607,0.016891891891891893
608,0.016891891891891893
609,0.016891891891891893
610,0.016891891891891893
611,0.016891891891891893
612,0.016891891891891893
613,0.016891891891891893
614,0.016891891891891893
615,0.016891891891891893
616,0.016891891891891893
617,0.016891891891891893
618,0.016891891891891893
619,0.016891891891891893
620,0.016891891891891893
621,0.016891891891891893
622,0.016891891891891893
623,0.016891891891891893
624,0.016891891891891893
625,0.016891891891891893
626,0.016891891891891893
627,0.016891891891891893
628,0.016891891891891893
629,0.016891891891891893
630,0.016891891891891893
631,0.008445945945945946
632,0.016891891891891893
633,0.016891891891891893
634,0.016891891891891893
635,0.008445945945945946
636,0.008445945945945946
637,0.008445945945945946
638,0.008445945945945946
639,0.008445945945945946
640,0.008445945945945946
641,0.016891891891891893
642,0.016891891891891893
643,0.016891891891891893
644,0.016891891891891893
645,0.016891891891891893
646,0.016891891891891893
647,0.016891891891891893
648,0.016891891891891893
649,0.016891891891891893
650,0.008445945945945946
651,0.008445945945945946
652,0.008445945945945946
653,0.016891891891891893
654,0.016891891891891893
655,0.016891891891891893
656,0.016891891891891893
657,0.016891891891891893
658,0.016891891891891893
659,0.016891891891891893
660,0.016891891891891893
661,0.016891891891891893
662,0.016891891891891893
663,0.016891891891891893
664,0.016891891891891893
665,0.016891891891891893
666,0.016891891891891893
667,0.016891891891891893
668,0.016891891891891893
669,0.016891891891891893
670,0.016891891891891893
671,0.008445945945945946
672,0.008445945945945946
673,0.016891891891891893
674,0.016891891891891893
675,0.016891891891891893
676,0.016891891891891893
677,0.016891891891891893
678,0.016891891891891893
679,0.016891891891891893
680,0.016891891891891893
681,0.016891891891891893
682,0.016891891891891893
683,0.016891891891891893
684,0.016891891891891893
685,0.016891891891891893
686,0.016891891891891893
687,0.016891891891891893
688,0.016891891891891893
689,0.016891891891891893
690,0.016891891891891893
691,0.016891891891891893
692,0.016891891891891893
693,0.016891891891891893
694,0.016891891891891893
695,0.016891891891891893
696,0.016891891891891893
697,0.016891891891891893
698,0.008445945945945946
699,0.008445945945945946
700,0.016891891891891893
701,0.016891891891891893
702,0.016891891891891893
703,0.016891891891891893
704,0.016891891891891893
705,0.016891891891891893
706,0.016891891891891893
707,0.016891891891891893
708,0.016891891891891893
709,0.016891891891891893
710,0.016891891891891893
711,0.016891891891891893
712,0.016891891891891893
713,0.016891891891891893
714,0.016891891891891893
715,0.016891891891891893
716,0.016891891891891893
717,0.016891891891891893
718,0.016891891891891893
719,0.016891891891891893
720,0.016891891891891893
721,0.016891891891891893
722,0.016891891891891893
723,0.016891891891891893
724,0.016891891891891893
725,0.016891891891891893
726,0.016891891891891893
727,0.016891891891891893
728,0.016891891891891893
729,0.016891891891891893
730,0.016891891891891893
731,0.016891891891891893
732,0.016891891891891893
733,0.016891891891891893
734,0.016891891891891893
735,0.016891891891891893
736,0.016891891891891893
737,0.016891891891891893
738,0.016891891891891893
739,0.016891891891891893
740,0.016891891891891893
741,0.016891891891891893
742,0.016891891891891893
743,0.016891891891891893
744,0.016891891891891893
745,0.016891891891891893
746,0.016891891891891893
747,0.016891891891891893
748,0.016891891891891893
749,0.016891891891891893
750,0.016891891891891893
751,0.016891891891891893
752,0.016891891891891893
753,0.016891891891891893
754,0.016891891891891893
755,0.016891891891891893
756,0.016891891891891893
757,0.016891891891891893
758,0.016891891891891893
759,0.016891891891891893
760,0.016891891891891893
761,0.016891891891891893
762,0.016891891891891893
763,0.016891891891891893
764,0.016891891891891893
765,0.016891891891891893
766,0.016891891891891893
767,0.016891891891891893
768,0.016891891891891893
769,0.016891891891891893
770,0.016891891891891893
771,0.016891891891891893
772,0.016891891891891893
773,0.016891891891891893
774,0.016891891891891893
775,0.016891891891891893
776,0.016891891891891893
777,0.016891891891891893
778,0.016891891891891893
779,0.016891891891891893
780,0.016891891891891893
781,0.016891891891891893
782,0.016891891891891893
783,0.016891891891891893
784,0.016891891891891893
785,0.016891891891891893
786,0.016891891891891893
787,0.016891891891891893
788,0.016891891891891893
789,0.016891891891891893
790,0.016891891891891893
791,0.016891891891891893
792,0.016891891891891893
793,0.016891891891891893
794,0.016891891891891893
795,0.016891891891891893
796,0.016891891891891893
797,0.016891891891891893
798,0.008445945945945946
799,0.016891891891891893
800,0.016891891891891893
801,0.016891891891891893
802,0.016891891891891893
803,0.016891891891891893
804,0.016891891891891893
805,0.016891891891891893
806,0.016891891891891893
807,0.016891891891891893
808,0.016891891891891893
809,0.016891891891891893
810,0.016891891891891893
811,0.016891891891891893
812,0.016891891891891893
813,0.016891891891891893
814,0.016891891891891893
815,0.016891891891891893
816,0.016891891891891893
817,0.016891891891891893
818,0.016891891891891893
819,0.016891891891891893
820,0.016891891891891893
821,0.016891891891891893
822,0.016891891891891893
823,0.016891891891891893
824,0.016891891891891893
825,0.016891891891891893
826,0.016891891891891893
827,0.016891891891891893
828,0.016891891891891893
829,0.016891891891891893
830,0.016891891891891893
831,0.016891891891891893
832,0.016891891891891893
833,0.016891891891891893
834,0.016891891891891893
835,0.016891891891891893
836,0.016891891891891893
837,0.016891891891891893
838,0.016891891891891893
839,0.016891891891891893
840,0.008445945945945946
841,0.008445945945945946
842,0.008445945945945946
843,0.008445945945945946
844,0.016891891891891893
845,0.008445945945945946
846,0.016891891891891893
847,0.016891891891891893
848,0.016891891891891893
849,0.016891891891891893
850,0.016891891891891893
851,0.016891891891891893
852,0.016891891891891893
853,0.016891891891891893
854,0.016891891891891893
855,0.008445945945945946
856,0.008445945945945946
857,0.008445945945945946
858,0.016891891891891893
859,0.008445945945945946
860,0.016891891891891893
861,0.008445945945945946
862,0.016891891891891893
863,0.016891891891891893
864,0.016891891891891893
865,0.016891891891891893
866,0.016891891891891893
867,0.016891891891891893
868,0.016891891891891893
869,0.016891891891891893
870,0.016891891891891893
871,0.016891891891891893
872,0.016891891891891893
873,0.016891891891891893
874,0.016891891891891893
875,0.016891891891891893
876,0.016891891891891893
877,0.016891891891891893
878,0.016891891891891893
879,0.016891891891891893
880,0.016891891891891893
881,0.016891891891891893
882,0.016891891891891893
883,0.016891891891891893
884,0.016891891891891893
885,0.016891891891891893
886,0.016891891891891893
887,0.016891891891891893
888,0.016891891891891893
889,0.016891891891891893
890,0.016891891891891893
891,0.016891891891891893
892,0.016891891891891893
893,0.016891891891891893
894,0.016891891891891893
895,0.016891891891891893
896,0.016891891891891893
897,0.016891891891891893
898,0.016891891891891893
899,0.016891891891891893
900,0.016891891891891893
